[LEFT_CAM_2K]
cx=1104
cy=621
fx=1400
fy=1400

[LEFT_CAM_FHD]
cx=960
cy=540
fx=1405
fy=1400

[LEFT_CAM_HD]
cx=640
cy=360
fx=720
fy=720

[LEFT_CAM_VGA]
cx=320
cy=240
fx=700
fy=700

[LENS_PROFILE]
dist_2K=-0.165
dist_FHD=-0.16
dist_HD=-0.16
dist_VGA=-0.15

[RIGHT_CAM_2K]
cx=1104
cy=621
fx=1400
fy=1400

[RIGHT_CAM_FHD]
cx=960
cy=540
fx=1405
fy=1400

[RIGHT_CAM_HD]
cx=640
cy=360
fx=720
fy=720

[RIGHT_CAM_VGA]
cx=320
cy=240
fx=700
fy=700

[STEREO]
BaseLine=120
CV_2K=-0.00288
CV_FHD=-0.00292
CV_HD=-0.00263
CV_VGA=-0.00306
